      89      89       1
  3.9718884E-03 -8.1796561E-07 -5.3275296E-06 -5.0073928E-05 -2.6536370E-06  2.3275890E-03 -3.6344743E-07 -2.4513107E-05  3.2277723E-08 -1.9810268E-03  7.0688350E-04  5.2067311E-07 -3.3973351E-04 -5.5307100E-09  2.6360806E-03 -4.4856423E-07 -1.1756532E-03 -1.9422750E-07  4.3517045E-04 -3.0764850E-03 -2.8607971E-03 -6.5809907E-07 -2.7041206E-09 -9.8482662E-06 -3.4563607E-09 -3.0576914E-04 -5.8998311E-09  2.8838593E-07 -4.6417821E-06 -3.0589260E-05  1.5894825E-07 -3.3697382E-08 -2.1122024E-05 -6.4200499E-04  1.4979420E-05 -2.5043460E-03  4.2361676E-03 -2.5801421E-06 -7.0351033E-05  4.9805565E-06 -1.4162087E-04 -2.5643155E-03 -7.5271637E-06 -8.2661614E-05 -1.6208847E-05 -1.2038203E-03  5.4662035E-04 -1.5576277E-05  4.2023273E-04  1.1455363E-03  3.9100776E-04 -6.2323296E-05  3.7843858E-04 -3.3200405E-05 -1.1646363E-03  1.1074995E-05  2.2488186E-04 -1.5526619E-03 -3.3140879E-03  4.2868606E-04  1.6430458E-07 -8.8416967E-04  3.4555029E-05 -1.9223224E-04 -3.4749746E-04 -3.9626107E-04 -1.7517951E-04  3.3090930E-05  2.4066849E-04  1.0875963E-04 -3.0331747E-04  6.4310525E-04  3.5931286E-05 -6.6979919E-03  3.8791749E-03  1.6370583E-03  1.9183053E-04 -2.6798925E-05  3.8439454E-04  4.1726204E-04  1.1466350E-04 -9.3322116E-03  1.5931234E-04  2.6878721E-03 -3.6852084E-04  5.6743887E-04  2.3027149E-04 -2.5856704E-03  9.8238518E-04
 -8.1796561E-07  4.0727460E-03 -4.4016304E-08 -6.1462681E-08  1.7974563E-08 -1.3012762E-06 -1.6178752E-10 -2.8036285E-08 -4.3641662E-13  1.2606607E-06  3.7340714E-06 -2.9457242E-09 -2.6238663E-06 -6.6193066E-11 -1.4934793E-06 -1.8220071E-09 -3.7926161E-06  1.3491810E-09 -6.8947476E-07  8.3237379E-06  1.1984184E-06 -6.3899374E-09 -3.8141127E-11 -8.8067776E-08 -4.8083177E-11 -2.5751808E-06 -6.1986921E-11  2.7865625E-09 -3.9717074E-08 -2.7580368E-07  1.5574818E-10 -3.0966611E-10 -1.4759871E-07  5.9540984E-07  7.5019477E-08 -1.3614633E-06  2.7335265E-06 -6.2717568E-09  3.4202545E-08  3.3367719E-08 -9.1172542E-07 -6.5596914E-08 -3.1189323E-08 -3.8862427E-07 -3.1810958E-06 -6.9219671E-08  2.1676375E-07 -1.4715210E-07  1.2886770E-06 -2.1627561E-06  1.2652330E-06  9.9707442E-07  1.1862761E-06 -1.5631514E-07 -9.8649844E-07 -2.4327962E-09 -3.6735142E-06  5.0442826E-06  3.8912976E-06  1.2977474E-06 -4.3330584E-10  2.1512181E-06  6.3801241E-08 -2.3273134E-07 -4.8674236E-07 -2.5300838E-06 -9.4290220E-07 -5.0380449E-07  5.0210658E-07 -5.1737789E-08 -1.0590217E-06 -3.8959186E-06  3.3642238E-07 -1.1426083E-05 -3.9677677E-06 -5.6009630E-06 -5.3841109E-07  1.6845162E-06  2.5309573E-06  4.6478543E-06  7.4684753E-07 -5.7286851E-05  1.9040109E-05  2.3243763E-05 -1.3529297E-05  2.2685136E-06  1.4730223E-06  5.0323548E-07 -7.2258173E-08
 -5.3275296E-06 -4.4016304E-08  2.2654404E-02 -2.9321826E-07  2.8834929E-07 -9.6378487E-06 -1.4457805E-08 -2.2588630E-07 -7.6733320E-10  6.2287129E-06  4.0394772E-05 -4.5231467E-08 -1.6723240E-05 -3.8354357E-10  4.6270833E-05  1.0603378E-08 -2.3315066E-05  1.0799742E-08  1.9872681E-06  4.0374058E-05 -6.2003060E-05 -3.4292663E-08 -2.5130062E-10 -6.4221684E-07 -2.5008159E-10 -1.6105025E-05 -3.9433372E-10  1.8541169E-08 -2.5432202E-07 -1.7706838E-06 -1.3108745E-08 -1.9421454E-09 -8.0351419E-07 -1.7411543E-06  4.4078696E-07 -6.9696175E-06 -2.2541229E-05 -6.7568314E-08 -1.2792539E-07  2.1626073E-07 -6.3831249E-06 -3.1407146E-06 -2.0719271E-07 -2.0582254E-06 -2.0857474E-05  5.6594917E-06  7.8050634E-07 -9.7714499E-07  4.5600274E-06 -4.6998918E-06  4.6738409E-06  7.0688393E-06  4.4390871E-06 -1.5431243E-06 -1.8279340E-05 -3.0221778E-07 -8.4227417E-05 -6.0780219E-07 -1.4583606E-05  1.1058130E-05 -6.0408562E-09  1.2541832E-05  3.5615220E-08 -3.8023804E-06 -4.3772192E-06 -1.0265069E-05 -6.7606019E-06 -6.7030453E-06 -6.5058443E-07  8.2151089E-08 -7.5701451E-06 -3.7153351E-05  1.4950719E-06  2.5697318E-05  9.4013006E-05 -4.6776632E-06 -4.0455972E-06  1.2360883E-05  1.6010985E-05  3.1671210E-05  5.3537346E-06 -1.9372236E-04  1.5020326E-04  1.1623980E-04 -8.8808966E-05  6.4799575E-06  7.8865921E-06 -3.1082007E-05 -8.3357026E-06
 -5.0073928E-05 -6.1462681E-08 -2.9321826E-07  1.9030844E-03  1.2119569E-06 -1.6459609E-04  2.7461014E-07 -2.6285607E-08  3.2500678E-09  1.0737917E-04  8.0028358E-04  4.1964259E-07 -5.9272666E-06 -1.5631784E-09  1.6973785E-03 -2.7124788E-07 -2.3095660E-04 -2.7901427E-08  1.9289170E-04  2.2641947E-04  1.1033663E-04 -4.8104064E-08 -2.4270976E-10 -5.9111517E-07 -2.7110953E-10 -2.0205250E-05 -3.6538673E-10  1.4622280E-08 -3.2697198E-07 -1.9484779E-06  5.9725918E-08 -2.4745682E-09 -9.4524766E-07  9.0925796E-06 -6.5215777E-06 -2.4186468E-05  5.4706887E-04  2.9777104E-06  6.0096757E-06  5.1899212E-07 -6.7563233E-05 -3.8762490E-06  1.6827827E-07 -1.9171164E-05 -9.4397570E-05  7.1900692E-05 -1.1938916E-04 -1.4443939E-05  8.5347884E-05  7.9154690E-05  7.9281239E-05  3.6880804E-05  7.4976281E-05 -6.3716029E-07 -1.7678496E-04  7.4796438E-06  5.2620787E-06 -9.6705882E-04 -3.1353608E-04  3.9083169E-06  3.6959431E-08  1.0977933E-04  5.6003287E-05 -7.6494606E-05 -7.4372119E-05 -8.9177460E-05 -5.5944105E-05 -6.6436872E-05  8.9162539E-05 -5.5872349E-05 -3.6004527E-05 -4.8984360E-05 -5.6434310E-05 -1.0592353E-04 -8.0655389E-04  3.0278069E-04  3.8168381E-04  3.7269447E-05  1.3871172E-04 -4.1457126E-05  7.7358150E-05 -1.0796690E-03 -5.6132264E-04 -4.9369359E-04  1.2465200E-03 -2.7853397E-04 -1.0186657E-04 -5.7397841E-04 -6.3496739E-06
 -2.6536370E-06  1.7974563E-08  2.8834929E-07  1.2119569E-06  2.7031746E-04 -8.6233881E-05  6.9712156E-08  4.3092038E-06  6.5667738E-09  2.7268071E-04 -5.7154034E-05  2.9463405E-07  1.2041555E-05  2.0414314E-10  1.5698194E-04 -1.5170351E-07 -8.0833990E-05 -2.0896462E-08  1.6323254E-04  2.6203676E-04  2.0973912E-05  2.6327722E-08  9.8060660E-11  4.0581804E-07  1.4242808E-10  1.1421175E-05  3.2649762E-10 -1.2847311E-08  1.4134749E-07  1.1871210E-06  3.6963523E-08  8.1230549E-10  9.0873640E-07 -1.0963520E-05  6.3055181E-06  4.4674964E-05 -1.6798232E-04 -9.5545900E-06  5.1745854E-06 -1.4475538E-07 -6.9287005E-06  2.0457348E-06  9.7366760E-08 -4.6033443E-06 -2.9842450E-05  1.4013948E-04 -9.9032449E-05  5.8514656E-06  2.3421096E-05  4.3220159E-05  2.1528989E-05  1.9712979E-05  1.9635926E-05  1.0003683E-06  3.6799704E-05  3.1911167E-06 -1.5787218E-04  5.4201268E-04  4.2790281E-04 -1.4123172E-05 -3.1469905E-08  1.3411077E-04 -3.6740974E-05  1.5348266E-05  5.7200377E-06 -4.2814850E-05 -1.6657626E-05 -6.9281068E-05 -1.4052490E-04  8.0976627E-05 -9.8831439E-06 -6.5895228E-06 -1.8180705E-05 -2.1280304E-04  7.6106186E-04 -5.6614395E-04 -3.8331415E-04 -1.2558305E-04 -2.2330495E-06 -5.5350184E-05  1.4959488E-05  1.2628904E-06 -6.9714415E-05 -6.7295405E-06 -1.2590916E-04 -4.3564682E-04 -2.4480677E-04  2.3268008E-04 -4.0118068E-04
  2.3275890E-03 -1.3012762E-06 -9.6378487E-06 -1.6459609E-04 -8.6233881E-05  3.2339338E-02 -2.3764900E-05  4.3050638E-05 -4.4694643E-08  1.2579187E-02  6.6688616E-03 -6.5911285E-06 -5.5596257E-03  2.3890277E-07  6.7317627E-03  2.3107917E-06  5.3065680E-03 -3.1258423E-06  1.1281934E-02  6.4297286E-03  1.3198022E-02 -2.1402121E-06  3.1848441E-10 -9.4466935E-06 -1.8406490E-08 -5.7468215E-04 -1.3887408E-08  7.8690105E-07 -4.8629753E-06 -6.6664295E-05 -7.0821400E-07 -6.0361952E-08 -9.6911074E-05  3.4117411E-04  2.7118033E-05 -1.8451994E-02 -5.6875881E-03 -9.5856833E-05 -1.1373822E-04 -3.3770066E-05  2.3547979E-03 -5.0865583E-04  2.0924441E-05  4.4256390E-04  1.4626980E-03 -4.6419203E-04 -8.7337834E-04 -1.5895312E-04 -2.1686342E-03 -6.8893385E-03 -1.9911655E-03  5.0525718E-04 -1.8631235E-03 -3.1850103E-07  2.6746926E-03 -2.2667936E-04  3.8162242E-02 -2.4034141E-02 -3.8919191E-02 -1.2693922E-03 -2.5804766E-06  2.2013725E-02 -3.2338000E-04 -1.1555138E-03 -7.7393766E-04  4.6032075E-04 -4.3399587E-05  2.1807509E-04 -1.3430588E-03  6.3231430E-04 -5.4155067E-04  6.3011970E-04 -1.7184322E-03 -1.4097052E-02  4.2560345E-02  1.2007410E-02  3.8633835E-04 -1.7784979E-03 -6.9356103E-03  5.1268062E-03 -1.6489098E-03 -3.5395129E-03 -2.5474911E-02 -1.7163684E-02  1.9459738E-02 -7.3247085E-03 -1.6051724E-03 -2.6842970E-02  1.7959271E-03
 -3.6344743E-07 -1.6178752E-10 -1.4457805E-08  2.7461014E-07  6.9712156E-08 -2.3764900E-05  5.3893247E-05 -6.8245022E-08 -5.5652431E-10  2.2311587E-07  8.9972928E-06 -2.7145485E-08 -9.1859338E-07  1.3951402E-11  2.3059442E-05  4.5159624E-09  2.6154064E-06  9.8737899E-10 -1.6327970E-06  8.9553999E-06 -8.7405963E-06  4.4795065E-10  4.9266303E-12 -1.6621149E-08  1.1109171E-11 -2.7067605E-07 -1.8949551E-12  2.8430097E-10 -3.6589153E-09 -2.3703313E-08 -2.1130058E-09 -1.8884767E-12 -2.8849092E-08 -4.9008268E-06  3.6339200E-07  1.1837385E-05 -1.8132314E-05 -1.3326548E-07  4.7296740E-07 -1.4724650E-08 -4.5574378E-06 -3.5299416E-06 -1.4980495E-08 -4.7700960E-07 -1.6347344E-06 -1.0680287E-06  3.8990575E-06  3.8568028E-07  1.8413900E-07 -1.5335510E-07  1.6892308E-07  2.2949626E-06  1.9176408E-07 -1.6907444E-07 -1.9176028E-06 -1.4227800E-07  5.4658393E-06 -4.3892995E-05  3.7520916E-05  4.4235004E-06 -3.6102992E-09 -2.3843305E-05 -1.2729224E-06  2.9164710E-07  8.0257756E-07  1.7817311E-06  9.3984731E-07 -1.1291284E-06 -1.2381751E-05  2.0211406E-06  2.3320722E-07 -9.0045290E-07  2.0312159E-07 -1.6802195E-04 -3.5203250E-05  5.0275615E-07 -1.2822317E-05  5.6810995E-06  3.2641360E-06 -5.7081939E-06  4.7811255E-06  2.6401169E-06  4.9231020E-05 -3.7405740E-05 -2.8158533E-05  8.4700052E-06  4.9646964E-06  1.6234028E-05 -7.0244832E-06
 -2.4513107E-05 -2.8036285E-08 -2.2588630E-07 -2.6285607E-08  4.3092038E-06  4.3050638E-05 -6.8245022E-08  3.7835322E-02 -8.7566623E-09 -1.0909860E-03  1.6051565E-04 -1.8575759E-07 -1.5945385E-05 -2.3637920E-10  1.0794330E-04  6.5187538E-08  1.9717290E-05 -3.2531910E-08  8.1841983E-05  7.6151004E-05  1.1418578E-04 -3.6688370E-08 -1.1743962E-10 -3.7654261E-07 -3.0705527E-10 -1.3393904E-05 -3.1073943E-10  1.6085109E-08 -1.8115818E-07 -1.4048077E-06 -1.3712615E-08 -1.5227911E-09 -9.3683064E-07  3.0683347E-05  1.4621445E-06 -5.2491490E-05 -1.6929365E-04  7.4074503E-07  2.2379806E-07 -4.8600708E-07 -1.0486909E-05 -1.2736457E-06  1.0748201E-07 -1.6211039E-05  9.3493153E-06  6.2918447E-05  5.5427765E-05 -1.5011721E-06  6.0959336E-05 -2.3103442E-05  5.6428356E-05 -2.3278269E-05  5.4318511E-05 -1.9233135E-06  8.7143173E-05 -1.6261921E-06  3.0381134E-04 -4.6155783E-04 -1.0640810E-04  3.1271343E-05  1.2230791E-08 -4.2662495E-06  1.1029886E-05 -1.2308282E-05 -1.0433280E-05  4.0346799E-05  3.0345499E-05  5.8889348E-05  6.1877941E-05 -6.6768307E-06  7.0184825E-06 -1.3282213E-04 -3.5165124E-06 -6.7968831E-05  2.4921597E-04 -1.9886163E-04 -3.6072133E-05  2.8039093E-05  9.7032018E-07  7.0905088E-05  6.4182829E-06 -1.3558614E-05  3.4567771E-05 -4.8086738E-04  1.8114029E-04  6.7306137E-05 -7.4116302E-06 -1.3545734E-05 -1.6557015E-04
  3.2277723E-08 -4.3641662E-13 -7.6733320E-10  3.2500678E-09  6.5667738E-09 -4.4694643E-08 -5.5652431E-10 -8.7566623E-09  5.3962830E-05 -7.4102167E-07  5.4701961E-07 -1.5977757E-09  1.1495734E-08 -8.9037332E-13  5.4990281E-07  3.3469288E-10  2.9081045E-08  4.3344980E-12  1.4724709E-07 -8.5663004E-09  2.8679063E-07  2.8566063E-11 -2.7321767E-13 -1.0649460E-09  2.3316548E-13 -8.9287246E-09 -2.9360366E-13  2.0840519E-11 -2.1028002E-10 -1.1862586E-09 -1.4489126E-10 -8.8738614E-13  1.0544645E-09  1.5284329E-08  7.1079133E-09 -1.5149393E-07  7.6111403E-07  3.8712003E-09  7.5413096E-09 -2.2277887E-09  9.0274550E-09  1.1343137E-08  7.9317383E-10 -1.4480403E-08 -6.3711055E-09 -1.8648714E-07  1.5391970E-07 -3.8264303E-09 -6.6384467E-08  4.8271112E-08 -5.8207211E-08 -1.7776564E-08 -5.8928356E-08 -7.9274422E-09 -3.1830224E-07 -6.1482214E-09  2.1402935E-07 -2.7290142E-06 -6.0064759E-08  2.1320405E-08 -6.1970260E-11 -2.5291137E-07  3.2786442E-08 -9.4516482E-09 -1.4511509E-08  1.5850682E-07  9.6268107E-08  1.8937732E-07  2.1808316E-07 -5.0271422E-08 -1.8495525E-09 -1.6400346E-07  5.1029929E-08  1.5004730E-06 -7.4469325E-07 -2.2443052E-07  1.0449217E-07  5.3449978E-09  1.2718822E-07 -9.6524423E-08 -2.8554704E-08  8.5822130E-07  7.5434871E-07 -3.4141826E-06  2.7826284E-07  1.3529132E-06 -1.9040992E-07 -4.7821136E-07  4.4739175E-08
 -1.9810268E-03  1.2606607E-06  6.2287129E-06  1.0737917E-04  2.7268071E-04  1.2579187E-02  2.2311587E-07 -1.0909860E-03 -7.4102167E-07  3.8096243E-02  7.5015903E-03 -1.4055627E-05 -3.6932149E-04  3.6007742E-08  3.6210358E-03  4.1867604E-06  3.6813006E-03 -5.2378947E-06  1.4406578E-02  1.1957927E-02  7.6097691E-03  8.4039202E-08  1.3012319E-08  1.8208733E-05 -1.4444533E-09  2.0776755E-04  8.7448285E-09 -8.0455926E-08  4.8398191E-06  2.4005657E-05 -2.1809603E-07  1.5602854E-08 -3.3043728E-06  9.2132206E-04  6.3219619E-06 -2.7247309E-03 -2.5887107E-02 -3.3623283E-05 -8.1798310E-05 -8.0383510E-05 -8.9332761E-05  8.8532265E-04  2.7369736E-05 -2.1357294E-03  2.3407685E-03  6.9991984E-03  2.9788949E-03 -1.0798917E-04  8.7718043E-03 -3.5639699E-03  8.0954186E-03 -4.3628998E-04  7.7194602E-03 -9.2733068E-05  1.2120482E-02 -2.6723551E-04  3.0265636E-02 -2.9083664E-03 -3.8106342E-02  2.0354333E-03  1.0238735E-06  2.4324024E-03  8.3765512E-04 -6.8022833E-04 -5.1142991E-04  3.9869974E-03  2.7288801E-03  3.7767944E-03  1.2702038E-03  6.6324503E-04  1.6240009E-03 -9.5325913E-04 -1.1471780E-03 -1.6695314E-02  5.8296482E-02  2.6327723E-03 -1.1336898E-03  9.9885504E-04 -5.3511370E-03  3.6991088E-03  2.0705293E-04  3.3170042E-02 -1.8469621E-02 -3.0049433E-02  1.2889095E-02 -2.0506330E-02 -1.4634274E-02 -1.3290533E-02 -1.3545209E-02
  7.0688350E-04  3.7340714E-06  4.0394772E-05  8.0028358E-04 -5.7154034E-05  6.6688616E-03  8.9972928E-06  1.6051565E-04  5.4701961E-07  7.5015903E-03  3.9298310E-02  9.2384040E-05  2.4634708E-03  1.7332566E-09  6.7369065E-02 -8.7661387E-06  3.6840774E-03 -6.0835771E-07 -2.5801245E-03 -5.2979483E-03 -5.9772724E-03  3.7868435E-06  2.0408050E-08  5.8748048E-05  2.7834593E-08  1.6338178E-03  3.7479284E-08 -1.7681854E-06  2.3773107E-05  1.7540154E-04  1.0497597E-06  1.7410047E-07  9.7330023E-05  1.9061456E-04  3.3950734E-05 -1.1431567E-02 -1.0688195E-02 -5.7985468E-05 -4.0675652E-04 -4.0576070E-05  9.9932297E-04  2.1917094E-03 -2.4904166E-06  7.8145486E-06  3.1700587E-03  1.8502274E-03  2.4968892E-05  8.8473907E-04  1.9405192E-03 -2.6181778E-03  1.7626633E-03 -1.4106768E-03  1.6410204E-03  1.0301122E-04 -1.1937506E-04 -1.1827283E-04  1.5777025E-03  2.8031525E-02  2.2975308E-02 -2.2822895E-03 -8.7682111E-07 -9.3381486E-04  2.1884680E-03 -1.8819729E-03 -2.0757065E-03  7.6051164E-04  2.0295480E-03  2.0949456E-03  3.3326338E-04 -9.9982579E-04 -2.3188683E-03  5.2216477E-03 -3.7374301E-03 -2.9658717E-02 -6.2992623E-03  1.4272370E-02 -1.7701981E-03 -1.4702391E-03 -1.6897417E-03 -6.2443374E-04 -1.0935800E-03 -2.2502845E-02  1.0132975E-02  3.8416498E-02 -3.0412373E-02  3.1797519E-03 -1.9382610E-03  1.5491351E-02 -5.4820613E-03
  5.2067311E-07 -2.9457242E-09 -4.5231467E-08  4.1964259E-07  2.9463405E-07 -6.5911285E-06 -2.7145485E-08 -1.8575759E-07 -1.5977757E-09 -1.4055627E-05  9.2384040E-05  5.3760295E-05 -1.3580237E-06  3.7688165E-11  3.0897861E-05  2.3923568E-08  1.3398378E-06  3.5334113E-10  2.1809342E-06  9.2520998E-06  8.1428262E-06 -1.2185155E-09 -1.6426038E-11 -7.0096258E-08 -4.7654051E-15 -1.3604060E-06 -2.6738883E-11  1.5513631E-09 -2.3377686E-08 -1.4349325E-07 -3.0309892E-09 -1.5661604E-10 -6.5220859E-08  7.9591526E-07  3.0341463E-07  7.3454608E-07  1.8033088E-05 -2.1383088E-08 -3.8426893E-07 -4.2381399E-08 -1.1955181E-06 -1.3975022E-06 -5.6908833E-08 -2.4707019E-06 -2.8843165E-06 -3.4556865E-06  5.7086282E-06  1.4655289E-07 -5.6002942E-06  4.5197547E-06 -5.0536732E-06 -3.6587292E-08 -4.9321334E-06 -3.3812128E-07 -8.3285736E-06 -7.0858591E-08 -1.6256795E-05 -2.9763128E-05 -2.6488372E-05  2.2331837E-06 -7.1599796E-09 -4.7872458E-06 -1.2328332E-06  1.1836028E-06  1.1066960E-06  1.4223481E-06 -5.8673564E-08  3.8650867E-07 -7.7003551E-06  2.2981867E-06  5.3568042E-07  4.9892482E-06  3.0197797E-07  6.9800839E-05  2.0675838E-05 -2.6769160E-05 -1.7749221E-06  4.3663562E-07  3.5879088E-06  2.9959802E-06 -2.4719441E-07  3.9080687E-05  2.6943223E-05 -5.6850465E-05 -1.3975909E-05  4.4108312E-06 -2.2091595E-06 -1.0173515E-05  1.8626556E-06
 -3.3973351E-04 -2.6238663E-06 -1.6723240E-05 -5.9272666E-06  1.2041555E-05 -5.5596257E-03 -9.1859338E-07 -1.5945385E-05  1.1495734E-08 -3.6932149E-04  2.4634708E-03 -1.3580237E-06  1.7551229E+00 -1.6145633E-08 -3.2150398E-03 -4.6645177E-07 -1.1035080E-03  3.6568890E-07 -4.3203550E-04  2.2141300E-03  3.4379467E-04 -2.3711158E-06 -1.2990529E-08 -3.2061141E-05 -1.7830407E-08 -9.5458455E-04 -2.2956586E-08  1.0593324E-06 -1.4383029E-05 -1.0286496E-04 -1.5831263E-07 -1.1394672E-07 -5.7195161E-05 -2.8713653E-05  3.5530748E-05  3.1238740E-04  1.3692992E-03 -5.3104151E-06 -5.8265593E-05  1.0224600E-05 -4.5502546E-04 -1.0769512E-04 -1.1256997E-05 -9.6732798E-05 -9.1236895E-04 -2.1843915E-04  1.1192051E-04 -7.0168478E-05  2.8435949E-04 -5.1102262E-04  2.8998042E-04  1.5533767E-04  2.7397892E-04 -6.5423075E-05 -1.2457930E-03  3.3238967E-06 -2.7671125E-04  2.0636854E-03 -7.3388643E-04  7.0665111E-04 -1.9897711E-07  1.1041724E-03 -1.0823184E-04 -1.9927625E-04 -1.9819829E-04 -6.2310671E-04 -2.0274823E-04 -1.0110293E-04 -1.8714717E-04  2.2880752E-05 -3.2291356E-04 -1.5360196E-03 -9.6277466E-05 -1.0836794E-02 -1.4352848E-03 -1.2845870E-03 -1.8710421E-04  6.6395393E-04  1.1823431E-03  2.0850138E-03  3.6168067E-04 -1.8165529E-02  5.9446483E-03  7.0522547E-03 -3.9725515E-03  1.2487189E-03  4.9164382E-04  1.4511119E-04  1.9257893E-04
 -5.5307100E-09 -6.6193066E-11 -3.8354357E-10 -1.5631784E-09  2.0414314E-10  2.3890277E-07  1.3951402E-11 -2.3637920E-10 -8.9037332E-13  3.6007742E-08  1.7332566E-09  3.7688165E-11 -1.6145633E-08  5.3962898E-05  2.0788980E-07 -4.6145981E-11 -4.0433349E-08  1.8442609E-11 -6.3540305E-09  1.0708604E-07  2.2168992E-08 -5.7301579E-11 -3.7754379E-13 -8.0759760E-10 -4.3913527E-13 -2.2983098E-08 -5.6811774E-13  2.4708298E-11 -3.6167272E-10 -2.4611799E-09  2.5444230E-12 -2.7798962E-12 -1.2177033E-09  1.5816322E-08  7.6913188E-11 -4.4384225E-08  5.9263518E-10  2.4459629E-10  4.1069415E-09  3.4668499E-10 -6.1899167E-09  2.4335610E-09 -1.9408893E-10 -5.0590398E-09 -3.2672294E-08  9.5438327E-09  7.8493085E-10 -1.0728357E-09  2.1688830E-08 -3.0062682E-08  2.0661142E-08  1.0673940E-08  1.9517928E-08 -1.2381393E-09 -1.8958923E-08 -1.5213815E-10 -5.0027105E-08  1.1903482E-08  1.7425657E-07  6.2294959E-09  8.1345842E-13  8.3979054E-10  6.0874164E-09 -6.6004225E-10 -4.7073875E-09 -2.6770805E-08 -7.3111191E-09  2.8744111E-09  2.6241257E-08 -3.6536687E-09 -1.0586863E-08 -4.3866904E-08  1.1075747E-08 -9.9465313E-08 -1.3280592E-07 -6.0603259E-08  7.6743035E-09  2.0804599E-08  1.8031671E-08  3.5222858E-08  5.2328334E-09 -5.7401945E-07  2.8799243E-07  1.7903571E-07 -1.5554380E-07  2.1317727E-08  1.9072866E-08  1.9003993E-08 -8.9462003E-09
  2.6360806E-03 -1.4934793E-06  4.6270833E-05  1.6973785E-03  1.5698194E-04  6.7317627E-03  2.3059442E-05  1.0794330E-04  5.4990281E-07  3.6210358E-03  6.7369065E-02  3.0897861E-05 -3.2150398E-03  2.0788980E-07  1.7586382E-01  4.7460806E-05 -1.2780153E-03 -3.7652566E-06  1.1355576E-03 -1.3597875E-02 -2.0416957E-02 -1.0777814E-06 -2.3103167E-09  3.1803584E-05 -1.4533931E-08  1.6668466E-04  7.8517404E-09 -3.9472046E-07 -2.3307222E-06  3.0024086E-05  6.8523589E-06 -7.6545309E-08  2.3313805E-05 -8.0187563E-04  1.0186710E-04 -5.8495149E-03 -2.4298827E-02 -9.0366808E-05 -8.0222752E-04 -8.8467501E-05  1.0315375E-03  5.2098821E-03  4.9975879E-05  3.2345875E-03  5.6254938E-03  6.1718127E-03  5.7176383E-03 -1.1675923E-03 -7.5613969E-03 -6.0786728E-04 -7.0041994E-03 -3.4919820E-03 -6.7438263E-03  2.0097894E-06 -1.5040357E-02 -3.0066902E-04  9.5336937E-03  7.7893725E-02  3.9887293E-02 -2.3735502E-03  3.5911830E-07  1.3209129E-03  6.6643609E-03 -3.1575694E-03 -4.4959373E-03 -2.0956654E-03  3.4149665E-03  2.8848341E-03  2.4325809E-04  1.4198525E-04 -3.3393158E-03  5.6363260E-03 -4.5375683E-03 -5.2936518E-02  9.2460243E-03  9.4450051E-03 -2.2725725E-03 -4.5476348E-03  1.0706064E-03  1.9625652E-03 -1.3120462E-03 -1.0864199E-01  5.9211453E-02  1.0265379E-01 -7.4427725E-02 -1.2266383E-02 -1.2202312E-02  3.4160763E-02 -2.2886820E-02
 -4.4856423E-07 -1.8220071E-09  1.0603378E-08 -2.7124788E-07 -1.5170351E-07  2.3107917E-06  4.5159624E-09  6.5187538E-08  3.3469288E-10  4.1867604E-06 -8.7661387E-06  2.3923568E-08 -4.6645177E-07 -4.6145981E-11  4.7460806E-05  5.3939581E-05 -3.1590785E-06  1.9730298E-10  6.4355756E-07 -4.5068311E-06  3.9376921E-06 -2.1946807E-09 -3.6745674E-12  4.7136227E-09 -1.8284447E-11 -4.0369526E-07 -9.1357834E-12  2.1906432E-10 -4.9208581E-09 -3.6799135E-08  3.0230972E-09 -4.7867146E-11 -4.3862581E-08  1.1470545E-06 -8.3555779E-08 -3.1940841E-06 -2.6784922E-06 -3.5278563E-08 -3.6975931E-07  1.4723997E-08  2.3454001E-06  8.1362568E-07 -3.6668892E-09 -4.5635271E-07 -1.3617544E-06  4.4642226E-07 -1.9043083E-06 -1.5277600E-07  2.7969131E-06 -8.9556242E-07  2.5917025E-06  9.6930711E-07  2.4505908E-06  1.1938117E-07  3.0013961E-06  8.9920378E-08  8.7196603E-06  1.7872467E-05  1.0720237E-05 -7.8255981E-07  1.4947309E-09  1.9637272E-07 -7.1899622E-08  4.6472106E-07  4.3874720E-07 -3.2404434E-06  1.5947723E-07  2.3873264E-06  4.4285040E-06  5.1144546E-07 -5.1481888E-07  5.2328953E-07  4.0591025E-07 -6.2445977E-05 -2.1028937E-05  1.5554505E-05  6.9774523E-07 -1.4416790E-07 -3.0307878E-06 -2.6493315E-06 -1.8213998E-06 -7.0815210E-05 -1.0326827E-05  4.1119252E-05  2.5651506E-06  7.2058333E-06  2.3128396E-06  6.5152394E-07  1.6339584E-06
 -1.1756532E-03 -3.7926161E-06 -2.3315066E-05 -2.3095660E-04 -8.0833990E-05  5.3065680E-03  2.6154064E-06  1.9717290E-05  2.9081045E-08  3.6813006E-03  3.6840774E-03  1.3398378E-06 -1.1035080E-03 -4.0433349E-08 -1.2780153E-03 -3.1590785E-06  3.0186908E-02 -7.9781035E-07  7.8341399E-04 -2.4521420E-03 -1.6710888E-02 -2.7296281E-06 -1.7397810E-08 -4.6656573E-05 -1.6748848E-08 -1.2968346E-03 -2.6798937E-08  1.2864506E-06 -2.1311105E-05 -1.3449251E-04  9.6334634E-07 -1.6246807E-07 -6.4772671E-05  2.0173784E-04  4.3047712E-05 -2.4446041E-03 -4.7660103E-03 -1.9998262E-05 -3.4095443E-04  1.0808898E-05  8.8552626E-04  6.2052126E-04 -1.1698576E-05 -3.7393779E-04 -2.4581406E-03 -5.5019707E-04 -1.5731089E-03 -7.5756114E-05  1.4200479E-03 -3.4402328E-05  1.3496177E-03  2.1335085E-04  1.2587267E-03 -1.3049930E-04  2.0453080E-03  4.3523530E-05 -7.7056829E-04 -1.7639119E-02 -1.1381073E-02  5.0300926E-04 -9.3922662E-07  2.5933740E-03  3.3671058E-04 -6.4582051E-04 -8.4640609E-04 -2.7556048E-03 -1.4844420E-03 -1.7796849E-03 -6.1228382E-04 -1.4779474E-04 -1.3758028E-03 -4.5044072E-04  3.9313761E-04 -3.2183386E-03 -2.3731381E-04  6.2510370E-03  2.7357451E-04 -5.3628364E-04  2.9303476E-04  1.6187581E-03 -7.0746513E-04 -1.4174500E-02  1.3671390E-02 -1.2615169E-02 -2.0145083E-02  8.0900960E-03  2.5897828E-03 -6.7455707E-03  2.2166148E-03
 -1.9422750E-07  1.3491810E-09  1.0799742E-08 -2.7901427E-08 -2.0896462E-08 -3.1258423E-06  9.8737899E-10 -3.2531910E-08  4.3344980E-12 -5.2378947E-06 -6.0835771E-07  3.5334113E-10  3.6568890E-07  1.8442609E-11 -3.7652566E-06  1.9730298E-10 -7.9781035E-07  5.3957375E-05 -4.2414952E-06 -9.5750109E-07  1.0064643E-05  1.3122416E-09  1.4033279E-11  2.0608590E-08  1.1395673E-11  4.7386145E-07  1.5918232E-11 -4.7337112E-10  7.3795169E-09  5.3678946E-08  2.0179646E-10  4.2352050E-11  1.9148618E-08 -8.8251739E-07 -6.4916650E-09  7.8366843E-07 -2.3705134E-07  1.4022865E-08 -1.9405804E-07 -4.8390660E-08 -5.8181645E-07 -2.7570584E-07  3.4937106E-08 -8.0605046E-08  2.3335102E-06 -1.0653252E-07 -1.1074588E-06  9.8460633E-08  4.0087866E-07  8.1638513E-07  3.5083138E-07 -2.9317087E-06  3.3953534E-07 -7.7337149E-08 -1.0436609E-06  4.2279565E-08 -7.6048648E-06  8.5858430E-06 -5.2924324E-05 -7.2737508E-08 -1.5564785E-10  8.6228248E-07 -6.7670678E-07 -6.1527178E-07 -2.4836049E-07  7.9952598E-07  5.0549606E-07  3.9421013E-07  1.0843941E-08 -1.0543754E-07  5.4490884E-07 -3.3354254E-07  8.7935187E-08  9.5570278E-08 -1.2130295E-05  1.6650710E-06 -1.4815938E-07  8.5935002E-07  1.5185039E-06  1.0411489E-06  3.0008413E-07 -1.7684677E-06 -1.1332246E-05 -5.2118429E-06 -1.3144292E-06  6.5991515E-06  4.1562532E-06  1.0881786E-05  2.3923491E-06
  4.3517045E-04 -6.8947476E-07  1.9872681E-06  1.9289170E-04  1.6323254E-04  1.1281934E-02 -1.6327970E-06  8.1841983E-05  1.4724709E-07  1.4406578E-02 -2.5801245E-03  2.1809342E-06 -4.3203550E-04 -6.3540305E-09  1.1355576E-03  6.4355756E-07  7.8341399E-04 -4.2414952E-06  2.5978109E-02  4.1039718E-03  4.8185832E-03 -8.4980774E-07  1.8100541E-09 -5.7866658E-07 -7.7516959E-09 -2.0740141E-04 -6.0906041E-09  4.5320081E-07 -2.8597277E-06 -2.5176638E-05 -8.8923145E-07 -3.5210615E-08 -2.5442607E-05  8.1210324E-04 -9.0636859E-05  3.6078160E-03  3.2186689E-03 -3.9426405E-05 -1.3891030E-04 -4.8933378E-05 -4.0503727E-04  1.7695766E-03  3.1525669E-05  3.5919802E-04  2.0607183E-03  2.3947737E-03  1.9444257E-03  1.0616964E-04 -9.9374082E-04  1.7934274E-03 -9.3060116E-04  2.9124127E-04 -8.4443015E-04 -1.1490943E-04 -7.5479715E-04 -2.0388164E-04  4.0259080E-02 -4.4414615E-02 -4.5615611E-02  1.2893447E-03  1.3272932E-06 -1.0724224E-04  2.9181259E-04  1.2823837E-04  5.9387238E-05  2.7442484E-03  3.2658047E-03  3.5714252E-03  1.8764199E-03  1.1364162E-03  7.9382351E-04  3.6072794E-03  3.5964542E-04 -1.0723600E-02  3.3364411E-02  7.1351345E-04  4.2054839E-03 -9.3905233E-04  1.2519888E-03  7.0549304E-04  5.0815313E-04 -3.7852025E-02 -2.8511746E-02 -2.6850245E-02  2.2349288E-02 -1.7797392E-02 -1.1670049E-02 -4.6248303E-02 -4.4065556E-03
 -3.0764850E-03  8.3237379E-06  4.0374058E-05  2.2641947E-04  2.6203676E-04  6.4297286E-03  8.9553999E-06  7.6151004E-05 -8.5663004E-09  1.1957927E-02 -5.2979483E-03  9.2520998E-06  2.2141300E-03  1.0708604E-07 -1.3597875E-02 -4.5068311E-06 -2.4521420E-03 -9.5750109E-07  4.1039718E-03  9.1416572E-02  4.0694928E-02  8.6310614E-06  5.3252921E-08  9.3488829E-05  7.6728985E-08  2.9101088E-03  8.0258598E-08 -3.3255000E-06  4.4279471E-05  3.2065354E-04 -1.7248740E-07  3.6345651E-07  1.6768290E-04 -8.9628153E-03 -9.1898074E-05 -9.9068509E-03 -3.6628185E-02  7.6187924E-05  8.5828059E-04 -4.5379100E-05 -9.9944417E-03 -6.6386869E-03  1.8899414E-05  9.3819552E-04 -1.8220781E-02  1.7079772E-03  1.4996986E-04  2.3085312E-04 -2.9385712E-03 -1.4497876E-02 -2.8080844E-03  8.4705419E-03 -2.6416815E-03  2.3867048E-05  6.1619129E-03 -3.1398954E-04  2.2244152E-02 -2.9795853E-02 -5.1297934E-02 -4.5314449E-04  2.8223538E-06 -8.5394943E-04 -1.6077357E-03  1.8601266E-04  6.3291637E-04  1.0659085E-03 -6.1983073E-04 -1.7467963E-04  3.2707180E-03 -1.3731394E-03  2.1143210E-03  6.0776415E-03 -2.6324706E-03  1.7422520E-02  3.3036105E-02  1.3499132E-02  8.7655835E-03  1.1137678E-02 -2.4654119E-03 -3.2838673E-03  8.7223816E-03  1.0158941E-01 -4.1013777E-02 -9.8693187E-02  4.3451003E-02 -8.2539683E-03 -1.0264419E-02 -2.7375595E-02  4.7245378E-04
 -2.8607971E-03  1.1984184E-06 -6.2003060E-05  1.1033663E-04  2.0973912E-05  1.3198022E-02 -8.7405963E-06  1.1418578E-04  2.8679063E-07  7.6097691E-03 -5.9772724E-03  8.1428262E-06  3.4379467E-04  2.2168992E-08 -2.0416957E-02  3.9376921E-06 -1.6710888E-02  1.0064643E-05  4.8185832E-03  4.0694928E-02  1.0798994E-01  7.3334001E-06 -3.3008904E-09 -6.9123314E-05  8.2073881E-08  3.8570456E-04  1.9538724E-08 -1.6297942E-07 -4.4835484E-06  2.4127615E-05 -6.4818479E-06  3.7730680E-08  1.4370531E-04 -7.2345876E-03 -1.3588445E-04 -1.5379611E-02 -5.4083014E-02 -8.6078242E-05 -1.7636811E-03  6.8349937E-05  3.3174099E-03 -7.1093134E-03 -6.2428750E-05  8.1517403E-04 -6.1796216E-04 -5.0836414E-03 -6.0677966E-05 -1.7325186E-04 -2.3251087E-03 -1.0058156E-02 -2.1651785E-03 -1.1484240E-02 -2.0432505E-03 -4.7830157E-04  4.3740415E-03 -6.1299469E-04  3.3201665E-02 -2.9428038E-02 -6.3373692E-02  7.9414922E-04  3.0960602E-07 -4.6533353E-03  5.2949451E-04  1.6471160E-03  1.6271423E-03 -1.5429323E-03 -2.6419444E-03 -2.6474659E-03  5.6223129E-04  5.0724066E-04  4.0359045E-03  2.1249665E-03 -1.7001924E-03 -5.7155523E-02  5.1532247E-02  2.0862330E-02  1.0853429E-02 -6.6424890E-03 -2.4881976E-02 -1.2842277E-02 -1.9250612E-03  5.4490450E-02  6.1972601E-04 -7.2810002E-02  8.6128536E-02 -5.7554887E-03 -1.9068430E-04 -1.9612224E-02  7.5181428E-03
 -6.5809907E-07 -6.3899374E-09 -3.4292663E-08 -4.8104064E-08  2.6327722E-08 -2.1402121E-06  4.4795065E-10 -3.6688370E-08  2.8566063E-11  8.4039202E-08  3.7868435E-06 -1.2185155E-09 -2.3711158E-06 -5.7301579E-11 -1.0777814E-06 -2.1946807E-09 -2.7296281E-06  1.3122416E-09 -8.4980774E-07  8.6310614E-06  7.3334001E-06  5.6636850E-03 -3.3321783E-11 -7.2003669E-08 -4.7447088E-11 -2.2772100E-06 -5.5509534E-11  2.4242807E-09 -3.4316810E-08 -2.4237551E-07  7.0458719E-10 -2.7035139E-10 -1.4034700E-07  7.3339444E-07  7.3953299E-08 -7.7765784E-07  5.0035268E-06  1.4964587E-09  8.5890896E-08  3.0903276E-08 -9.4216260E-07  7.3935598E-08 -2.8387348E-08 -3.2985146E-07 -2.5003033E-06 -5.7248200E-07  5.5776997E-07 -1.3949418E-07  1.2234830E-06 -2.8019070E-06  1.1960838E-06  6.7638082E-07  1.1230525E-06 -8.7647003E-08 -4.6062976E-06  1.2206304E-08  5.5767360E-07  6.4816359E-06  5.9228752E-06  9.5672671E-07 -6.1693302E-11  1.8811805E-06  1.2448657E-07 -1.0454892E-07 -3.5757040E-07 -2.2337684E-06 -7.3594986E-07 -2.4457335E-07  5.7888059E-07 -9.2325944E-08 -8.2224408E-07 -3.0193846E-06  1.6191498E-07 -1.0856665E-05 -1.2265465E-05 -8.3602192E-06 -4.8209105E-07  1.3810961E-06  2.2715716E-06  3.6865264E-06  7.7450245E-07 -5.5310507E-05  1.1921580E-05  1.9114813E-05 -9.1562857E-06  1.5964925E-06  4.6090242E-07  2.0202505E-06  5.8534298E-08
 -2.7041206E-09 -3.8141127E-11 -2.5130062E-10 -2.4270976E-10  9.8060660E-11  3.1848441E-10  4.9266303E-12 -1.1743962E-10 -2.7321767E-13  1.3012319E-08  2.0408050E-08 -1.6426038E-11 -1.2990529E-08 -3.7754379E-13 -2.3103167E-09 -3.6745674E-12 -1.7397810E-08  1.4033279E-11  1.8100541E-09  5.3252921E-08 -3.3008904E-09 -3.3321783E-11  5.3962899E-05 -4.9269136E-10 -2.6389687E-13 -1.3507505E-08 -3.4228763E-13  1.4924917E-11 -2.1134169E-10 -1.4711383E-09 -2.2446593E-12 -1.6299925E-12 -7.0346711E-10  2.2819784E-09  3.5617953E-10 -1.0396360E-08  4.4543257E-09 -2.1562553E-11  7.4042378E-10  2.2758362E-10 -2.9842519E-09  2.0911709E-10 -1.9563713E-10 -1.8880171E-09 -1.9012604E-08  7.1098673E-10  1.4931409E-09 -9.0091732E-10  5.8876203E-09 -1.6116455E-08  5.8477018E-09  9.4816124E-09  5.4635281E-09 -6.7021489E-10 -1.4109143E-08 -2.4380966E-10 -4.4105530E-08  3.2026267E-08  8.4651885E-08  4.1408346E-09 -3.1938727E-12  1.2012120E-08  1.8891112E-09 -9.9272403E-11 -2.2384050E-09 -1.2461974E-08 -4.8207152E-09 -2.7263013E-09  4.5947165E-09  3.6474964E-11 -6.1937396E-09 -2.9695627E-08  2.6027937E-09  2.0173101E-08 -4.3817435E-08 -4.3903017E-08 -4.2118963E-09  7.3238174E-09  7.0759860E-09  2.0056033E-08  2.8877954E-09 -2.7660724E-07  1.0363466E-07  1.1296422E-07 -6.1209793E-08 -1.5765397E-09  1.2719483E-09 -3.0964962E-08 -4.9723928E-09
 -9.8482662E-06 -8.8067776E-08 -6.4221684E-07 -5.9111517E-07  4.0581804E-07 -9.4466935E-06 -1.6621149E-08 -3.7654261E-07 -1.0649460E-09  1.8208733E-05  5.8748048E-05 -7.0096258E-08 -3.2061141E-05 -8.0759760E-10  3.1803584E-05  4.7136227E-09 -4.6656573E-05  2.0608590E-08 -5.7866658E-07  9.3488829E-05 -6.9123314E-05 -7.2003669E-08 -4.9269136E-10  6.2498801E-02 -5.3352169E-10 -3.1760704E-05 -7.7413137E-10  3.5650869E-08 -4.9883917E-07 -3.4558526E-06 -1.4195756E-08 -3.8360938E-09 -1.6563536E-06  1.7497707E-06  8.7999870E-07 -1.9120315E-05 -9.9516777E-06 -8.3485227E-08  3.5227158E-07  4.2044871E-07 -1.1426622E-05 -3.6980119E-06 -3.9606705E-07 -4.4073557E-06 -4.1380098E-05  6.5325300E-06  2.2476030E-06 -1.8432608E-06  1.1757575E-05 -1.7254144E-05  1.1788276E-05  1.4574729E-05  1.1084994E-05 -2.5839293E-06 -1.6092928E-05 -4.1814296E-07 -1.1565478E-04  2.4244946E-05  3.1216973E-05  1.8620362E-05 -9.9065025E-09  2.4683419E-05  8.0502387E-07 -4.7213765E-06 -7.1688194E-06 -2.5050034E-05 -1.2229389E-05 -9.0662039E-06  3.6454384E-06 -2.7125163E-07 -1.4431842E-05 -6.3974830E-05  5.0457072E-06 -2.7549832E-05  7.2677002E-05 -4.2159207E-05 -8.0878757E-06  2.2331155E-05  3.0373391E-05  6.2004214E-05  9.4855563E-06 -5.2227792E-04  2.9643114E-04  2.4406034E-04 -1.8824186E-04  1.9941105E-05  1.7903579E-05 -3.4604887E-05 -1.0956512E-05
 -3.4563607E-09 -4.8083177E-11 -2.5008159E-10 -2.7110953E-10  1.4242808E-10 -1.8406490E-08  1.1109171E-11 -3.0705527E-10  2.3316548E-13 -1.4444533E-09  2.7834593E-08 -4.7654051E-15 -1.7830407E-08 -4.3913527E-13 -1.4533931E-08 -1.8284447E-11 -1.6748848E-08  1.1395673E-11 -7.7516959E-09  7.6728985E-08  8.2073881E-08 -4.7447088E-11 -2.6389687E-13 -5.3352169E-10  5.3962899E-05 -1.7048666E-08 -4.2869235E-13  1.8347186E-11 -2.5569879E-10 -1.8279020E-09  5.2560335E-12 -2.0354765E-12 -1.0378896E-09  5.1475225E-09  5.4501342E-10 -5.5777039E-09  4.7670161E-08  1.8767337E-11  1.1076890E-09  2.3881993E-10 -7.1418966E-09  1.5192962E-09 -2.1072443E-10 -2.4240984E-09 -1.7215868E-08 -6.4402566E-09  3.8000722E-09 -1.1278377E-09  9.5053029E-09 -2.7138170E-08  9.2767557E-09  4.5378435E-09  8.7210292E-09 -4.4251621E-10 -4.9393182E-08  5.6199965E-12 -8.2461633E-09  7.6502148E-08  7.6114574E-08  4.9178321E-09 -5.1435724E-13  1.8009394E-08  1.3132466E-09 -1.5208284E-10 -2.2901052E-09 -1.5331866E-08 -3.7120299E-09  5.5192455E-10  6.6536913E-09  2.1687250E-10 -5.6398152E-09 -3.0885831E-08  7.9374753E-10 -5.7911502E-08 -1.4702589E-07 -7.6925194E-08 -4.0658603E-09  1.1036306E-08  1.5427932E-08  2.4076337E-08  6.1500342E-09 -4.3966873E-07  6.3801344E-08  1.3365613E-07 -5.5939271E-08  8.1487865E-09  5.5914895E-11 -8.7142174E-09  2.6805266E-09
 -3.0576914E-04 -2.5751808E-06 -1.6105025E-05 -2.0205250E-05  1.1421175E-05 -5.7468215E-04 -2.7067605E-07 -1.3393904E-05 -8.9287246E-09  2.0776755E-04  1.6338178E-03 -1.3604060E-06 -9.5458455E-04 -2.2983098E-08  1.6668466E-04 -4.0369526E-07 -1.2968346E-03  4.7386145E-07 -2.0740141E-04  2.9101088E-03  3.8570456E-04 -2.2772100E-06 -1.3507505E-08 -3.1760704E-05 -1.7048666E-08  1.5615752E+00 -2.2223800E-08  1.0051656E-06 -1.4221792E-05 -9.9098517E-05 -1.5146110E-08 -1.1072364E-07 -5.3264839E-05  1.9436793E-04  2.8708737E-05 -4.1483299E-04  9.9977347E-04 -9.7565460E-07  1.2540963E-05  1.1666767E-05 -3.7670872E-04 -4.5448599E-05 -1.1118971E-05 -1.3284014E-04 -1.1011861E-03 -2.9706998E-05  1.4505949E-04 -5.2502625E-05  4.2481823E-04 -7.2049689E-04  4.1930426E-04  3.0626652E-04  3.9352663E-04 -5.9173031E-05 -1.1315809E-03  2.0412553E-07 -1.1507269E-03  9.5856480E-04  8.7865375E-04  5.1327168E-04 -1.5535213E-07  7.2102521E-04  1.4520527E-05 -1.0842092E-04 -1.8398275E-04 -8.2627301E-04 -3.2823587E-04 -1.8086821E-04  1.4614884E-04 -3.2872469E-05 -3.7125736E-04 -1.4186261E-03  1.0303623E-04 -3.7299397E-03 -9.3399464E-04 -2.1304491E-03 -1.9232979E-04  6.1484438E-04  1.0022926E-03  1.7445702E-03  3.0281282E-04 -1.9141069E-02  6.9348127E-03  7.5454301E-03 -4.7346506E-03  8.1430434E-04  4.5771666E-04  3.2446999E-04 -9.1432388E-05
 -5.8998311E-09 -6.1986921E-11 -3.9433372E-10 -3.6538673E-10  3.2649762E-10 -1.3887408E-08 -1.8949551E-12 -3.1073943E-10 -2.9360366E-13  8.7448285E-09  3.7479284E-08 -2.6738883E-11 -2.2956586E-08 -5.6811774E-13  7.8517404E-09 -9.1357834E-12 -2.6798937E-08  1.5918232E-11 -6.0906041E-09  8.0258598E-08  1.9538724E-08 -5.5509534E-11 -3.4228763E-13 -7.7413137E-10 -4.2869235E-13 -2.2223800E-08  5.3962899E-05  2.4515462E-11 -3.4098129E-10 -2.4025603E-09 -3.1815838E-12 -2.6563070E-12 -1.2573510E-09  4.1026064E-09  6.2918527E-10 -1.0281516E-08  2.4369278E-08  1.1936406E-11  7.6341982E-10  3.1075826E-10 -8.9402356E-09 -8.7946562E-10 -2.8057701E-10 -2.9638733E-09 -2.5815226E-08 -8.9504701E-10  3.8842269E-09 -1.4273514E-09  9.5055379E-09 -2.1589584E-08  9.4241674E-09  8.2222295E-09  8.8753385E-09 -1.2486080E-09 -2.1828140E-08 -1.2820977E-10 -4.0227857E-08  5.1733761E-08  5.7298898E-08  1.0399348E-08 -3.4993793E-12  1.8404425E-08  1.1611149E-09 -1.8982335E-09 -4.0613629E-09 -1.8211903E-08 -6.7429669E-09 -2.6331977E-09  5.4851498E-09 -2.8538951E-10 -9.0674863E-09 -3.9785125E-08  2.3568368E-09 -6.2397242E-08 -6.3831558E-08 -6.0774168E-08 -2.8102135E-09  1.5604294E-08  2.1908228E-08  3.9359803E-08  7.4692726E-09 -4.4144913E-07  1.6142634E-07  1.6296626E-07 -1.1064367E-07  1.2586017E-08  6.6372633E-09 -9.0054063E-09 -3.9514506E-09
  2.8838593E-07  2.7865625E-09  1.8541169E-08  1.4622280E-08 -1.2847311E-08  7.8690105E-07  2.8430097E-10  1.6085109E-08  2.0840519E-11 -8.0455926E-08 -1.7681854E-06  1.5513631E-09  1.0593324E-06  2.4708298E-11 -3.9472046E-07  2.1906432E-10  1.2864506E-06 -4.7337112E-10  4.5320081E-07 -3.3255000E-06 -1.6297942E-07  2.4242807E-09  1.4924917E-11  3.5650869E-08  1.8347186E-11  1.0051656E-06  2.4515462E-11  9.8972645E-03  1.5479091E-08  1.0883648E-07  2.7795360E-10  1.2109519E-10  5.6251976E-08 -1.2753572E-07 -2.8839356E-08  4.4546533E-07 -1.0381993E-06  5.5022944E-10 -1.8949820E-08 -1.1407399E-08  4.7882608E-07  7.1028927E-08  1.0936112E-08  1.3593835E-07  1.0806978E-06 -1.7814099E-08 -1.0236955E-07  5.9762276E-08 -4.1512157E-07  7.0874387E-07 -4.1231105E-07 -2.1942480E-07 -3.8913035E-07  7.2239075E-08  1.0962795E-06  6.7418990E-09  2.1601952E-06 -2.2407833E-06 -1.5001218E-07 -5.7745393E-07  2.3112646E-10 -9.6232354E-07  6.1777842E-09  1.4963206E-07  2.1092916E-07  7.3683002E-07  2.8572239E-07  1.2412676E-07 -1.7105428E-07  8.0139224E-09  3.8923064E-07  1.8828276E-06 -1.0994286E-07  3.8148407E-06  5.0410310E-07  1.9948403E-06  1.7783378E-07 -7.8971713E-07 -1.1822265E-06 -1.9694966E-06 -3.8979944E-07  1.8731050E-05 -7.8900199E-06 -6.8510898E-06  5.6299756E-06 -1.0581767E-06 -6.2550252E-07 -1.1242675E-07  7.3519114E-08
 -4.6417821E-06 -3.9717074E-08 -2.5432202E-07 -3.2697198E-07  1.4134749E-07 -4.8629753E-06 -3.6589153E-09 -1.8115818E-07 -2.1028002E-10  4.8398191E-06  2.3773107E-05 -2.3377686E-08 -1.4383029E-05 -3.6167272E-10 -2.3307222E-06 -4.9208581E-09 -2.1311105E-05  7.3795169E-09 -2.8597277E-06  4.4279471E-05 -4.4835484E-06 -3.4316810E-08 -2.1134169E-10 -4.9883917E-07 -2.5569879E-10 -1.4221792E-05 -3.4098129E-10  1.5479091E-08  3.0534721E-02 -1.5258367E-06 -5.9883408E-10 -1.7136655E-09 -7.9263358E-07  2.7728200E-06  4.2338874E-07 -7.9640977E-06  1.1585444E-05 -2.6927700E-08  1.8939892E-07  1.7937660E-07 -5.1915545E-06 -5.8569029E-07 -1.7055285E-07 -2.1114609E-06 -1.7936256E-05  2.2307307E-07  1.4122826E-06 -7.7853600E-07  6.5849854E-06 -1.0432899E-05  6.5031930E-06  5.6338557E-06  6.0838021E-06 -9.7698900E-07 -1.5721979E-05 -3.8706162E-08 -2.5728976E-05  7.1254648E-06  1.7878359E-05  7.7735057E-06 -3.1976333E-09  1.1526098E-05  2.6913545E-07 -1.6159867E-06 -2.8890984E-06 -1.2938287E-05 -5.1225757E-06 -3.0866941E-06  2.3476676E-06 -3.9344663E-07 -5.9563853E-06 -2.3253476E-05  2.1654924E-06 -4.8534872E-05 -5.0718401E-06 -2.9392246E-05 -2.4675629E-06  8.9895897E-06  1.4769859E-05  2.7135665E-05  4.1877144E-06 -2.9698484E-04  1.1443685E-04  1.2133219E-04 -7.5979226E-05  1.2077758E-05  8.6917131E-06 -1.4285042E-06 -1.3244841E-06
